25000 1 3 5
25000 1 3 5
25000 1 3 5
25000 2 3 5
25000 2 3 5
25000 2 3 5
25000 4 3 5
25000 4 3 5
25000 4 3 5
25000 8 3 5
25000 8 3 5
25000 8 3 5
25000 16 3 5
25000 16 3 5
25000 16 3 5
25000 32 3 5
25000 32 3 5
25000 32 3 5
25000 64 3 5
25000 64 3 5
25000 64 3 5
25000 1 4 5
25000 1 4 5
25000 1 4 5
25000 2 4 5
25000 2 4 5
25000 2 4 5
25000 4 4 5
25000 4 4 5
25000 4 4 5
25000 8 4 5
25000 8 4 5
25000 8 4 5
25000 16 4 5
25000 16 4 5
25000 16 4 5
25000 32 4 5
25000 32 4 5
25000 32 4 5
25000 64 4 5
25000 64 4 5
25000 64 4 5
30000 1 3 5
30000 1 3 5
30000 1 3 5
30000 2 3 5
30000 2 3 5
30000 2 3 5
30000 4 3 5
30000 4 3 5
30000 4 3 5
30000 8 3 5
30000 8 3 5
30000 8 3 5
30000 16 3 5
30000 16 3 5
30000 16 3 5
30000 32 3 5
30000 32 3 5
30000 32 3 5
30000 64 3 5
30000 64 3 5
30000 64 3 5
30000 1 4 5
30000 1 4 5
30000 1 4 5
30000 2 4 5
30000 2 4 5
30000 2 4 5
30000 4 4 5
30000 4 4 5
30000 4 4 5
30000 8 4 5
30000 8 4 5
30000 8 4 5
30000 16 4 5
30000 16 4 5
30000 16 4 5
30000 32 4 5
30000 32 4 5
30000 32 4 5
30000 64 4 5
30000 64 4 5
30000 64 4 5
40000 1 3 5
40000 1 3 5
40000 1 3 5
40000 2 3 5
40000 2 3 5
40000 2 3 5
40000 4 3 5
40000 4 3 5
40000 4 3 5
40000 8 3 5
40000 8 3 5
40000 8 3 5
40000 16 3 5
40000 16 3 5
40000 16 3 5
40000 32 3 5
40000 32 3 5
40000 32 3 5
40000 64 3 5
40000 64 3 5
40000 64 3 5
40000 1 4 5
40000 1 4 5
40000 1 4 5
40000 2 4 5
40000 2 4 5
40000 2 4 5
40000 4 4 5
40000 4 4 5
40000 4 4 5
40000 8 4 5
40000 8 4 5
40000 8 4 5
40000 16 4 5
40000 16 4 5
40000 16 4 5
40000 32 4 5
40000 32 4 5
40000 32 4 5
40000 64 4 5
40000 64 4 5
40000 64 4 5
-1 -1 -1 -1