30000 1 0
30000 1 0
30000 1 0
30000 1 1
30000 1 1
30000 1 1
30000 2 1
30000 2 1
30000 2 1
30000 4 1
30000 4 1
30000 4 1
30000 8 1
30000 8 1
30000 8 1
30000 16 1
30000 16 1
30000 16 1
30000 32 1
30000 32 1
30000 32 1
30000 64 1
30000 64 1
30000 64 1
30000 1 2
30000 1 2
30000 1 2
30000 2 2
30000 2 2
30000 2 2
30000 4 2
30000 4 2
30000 4 2
30000 8 2
30000 8 2
30000 8 2
30000 16 2
30000 16 2
30000 16 2
30000 32 2
30000 32 2
30000 32 2
30000 64 2
30000 64 2
30000 64 2
40000 1 0
40000 1 0
40000 1 0
40000 1 1
40000 1 1
40000 1 1
40000 2 1
40000 2 1
40000 2 1
40000 4 1
40000 4 1
40000 4 1
40000 8 1
40000 8 1
40000 8 1
40000 16 1
40000 16 1
40000 16 1
40000 32 1
40000 32 1
40000 32 1
40000 64 1
40000 64 1
40000 64 1
40000 1 2
40000 1 2
40000 1 2
40000 2 2
40000 2 2
40000 2 2
40000 4 2
40000 4 2
40000 4 2
40000 8 2
40000 8 2
40000 8 2
40000 16 2
40000 16 2
40000 16 2
40000 32 2
40000 32 2
40000 32 2
40000 64 2
40000 64 2
40000 64 2
-1 -1 -1